00000000000010000000010000000000000000000000001010
00000000000110000000100001101000011100000000010010
01000000001100000001100010001000011100000000001010
10100000011100000000000000000000101000000000000000
01000000001100000001000010001000010000111000011000
00000000000000100000000110100000000000100100100111
00000000000010111100011110100000000000010010011011
00000000000000000000000001111100000000001110000000
00011110000100000000000000000100000000000000000000
00110010000010000001111010000110000000000000001101
00111100000001111000000000011110000001110000001100
00000111000000000000000000010110000001100000000000
00000111010100000000000001111100000001110000000000
00000100011000000000000000011000000000010000001000
11001100110000000000000000001000000000010000001100
11000001000000000000000000000000000000111000000000
00000010000000000000000000000000000001001000000000
00001000000100000000000000101100000010110000000000
00001011011100000000001001101100000110110000000000
00000010000000000000010111101000000111000000000000
00011010001000000001010110010000000000000000000000
00000000001000000000000110000000000000000000100100
00100000010000000000001000000000000100000000000100
00100000000000000001001000100000000100000001010010
00010000010000000110010011011000001010000001001110
00000000100000001000101100010000001110000011001010
00000101100000011011101100000000001000110011100000
00000000000000000100000000010000000110001000011010
00000000001100000000000110010000000001110000101100
00000000001100000000000001100000000000000000101000
